
Lade Datei 'data/buhnenrennen9.txt'

Startpunkt Minnie:	(0,134.9)
Startpunkt Max: 	(0,35.9)
Letzte Buhnenreihe (X):	1820
Lücken: 129

Suche Minnieweg, bitte warten....fertig; 0.008276 Sek.

Minnieweg gefunden: (27 Lücken)
(0,134.9), (70,206.3), (140,123.05), (210,137.15), (280,181.1), (350,190.75), (420,233.45), (490,249.2), (560,277.45), (630,310.25), (700,321.15), (770,317.05), (840,302.45), (910,297.5), (980,277.45), (1050,288.2), (1120,289.25), (1190,305.6), (1260,299.55), (1330,308.1), (1400,315.2), (1470,285.8), (1540,242.1), (1610,192.95), (1680,194.25), (1750,285.65), (1820,347.85)
