
Lade Datei 'data/buhnenrennen8.txt'

Startpunkt Minnie:	(0,243.4)
Startpunkt Max: 	(0,64.65)
Letzte Buhnenreihe (X):	1610
Lücken: 104

Suche Minnieweg, bitte warten....fertig; 0.000627 Sek.

Minnieweg gefunden: (24 Lücken)
(0,243.4), (70,254), (140,260), (210,225.3), (280,209), (350,189.8), (420,245.05), (490,190.6), (560,142.85), (630,186.3), (700,184.9), (770,174.6), (840,156.95), (910,179.75), (980,206.5), (1050,221.35), (1120,305.7), (1190,126.55), (1260,103.75), (1330,129.55), (1400,142.75), (1470,121.75), (1540,244.4), (1610,175.6)
