
Lade Datei 'data/buhnenrennen10.txt'

Startpunkt Minnie:	(0,264.75)
Startpunkt Max: 	(0,18)
Letzte Buhnenreihe (X):	2030
Lücken: 139

Suche Minnieweg, bitte warten....fertig; 0.00068 Sek.

Minnieweg gefunden: (30 Lücken)
(0,264.75), (70,287.65), (140,317.4), (210,318.15), (280,268.25), (350,206.5), (420,165.25), (490,282.25), (560,270.75), (630,247.15), (700,151.05), (770,264.65), (840,248), (910,166.45), (980,34.2), (1050,30.15), (1120,64.4), (1190,109.35), (1260,79.2), (1330,57.4), (1400,157.85), (1470,60.7), (1540,79.25), (1610,121.25), (1680,121.8), (1750,184.7), (1820,121.45), (1890,70.65), (1960,112.3), (2030,50.4)
