
Lade Datei 'data/buhnenrennen12.txt'

Startpunkt Minnie:	(0,229.6)
Startpunkt Max: 	(0,387)
Letzte Buhnenreihe (X):	2450
Lücken: 180

Suche Minnieweg, bitte warten....fertig; 0.001105 Sek.

Minnieweg gefunden: (36 Lücken)
(0,229.6), (70,158.45), (140,178.4), (210,173.15), (280,383.5), (350,437.6), (420,327), (490,197.5), (560,155.8), (630,81.55), (700,160.2), (770,49.85), (840,94.2), (910,71), (980,61.05), (1050,12.95), (1120,21.15), (1190,19.1), (1260,75.15), (1330,90.5), (1400,129.7), (1470,257.45), (1540,294.95), (1610,198.6), (1680,143.75), (1750,192.1), (1820,206.6), (1890,213.85), (1960,150.5), (2030,116.65), (2100,99.95), (2170,108.8), (2240,186.6), (2310,183.8), (2380,200.2), (2450,249.3)
