
Lade Datei 'data/buhnenrennen14.txt'

Startpunkt Minnie:	(0,257)
Startpunkt Max: 	(0,496.2)
Letzte Buhnenreihe (X):	2870
Lücken: 204

Suche Minnieweg, bitte warten....fertig; 0.043343 Sek.

Minnieweg gefunden: (42 Lücken)
(0,257), (70,217.6), (140,128.85), (210,12.6), (280,44.6), (350,137.05), (420,458.05), (490,438.15), (560,361.05), (630,386.8), (700,476.7), (770,476.7), (840,451.85), (910,404.55), (980,437), (1050,447.35), (1120,415.4), (1190,405.9), (1260,400.75), (1330,416.6), (1400,359.05), (1470,227.75), (1540,154.75), (1610,176.85), (1680,173.65), (1750,151.1), (1820,131.75), (1890,147.45), (1960,280.25), (2030,226.4), (2100,236.15), (2170,236.65), (2240,227.9), (2310,243.5), (2380,102.85), (2450,78.6), (2520,105.8), (2590,80.7), (2660,92.5), (2730,107.4), (2800,137.15), (2870,39.55)
