
Lade Datei 'data/buhnenrennen13.txt'

Startpunkt Minnie:	(0,24.9)
Startpunkt Max: 	(0,434.05)
Letzte Buhnenreihe (X):	2660
Lücken: 195

Suche Minnieweg, bitte warten....fertig; 0.001032 Sek.

Minnieweg gefunden: (39 Lücken)
(0,24.9), (70,55.4), (140,83.9), (210,12.75), (280,133.65), (350,105.2), (420,174.85), (490,358.85), (560,344.35), (630,320.65), (700,343.35), (770,375.9), (840,442.7), (910,455.4), (980,415.3), (1050,395), (1120,391.4), (1190,422), (1260,431.5), (1330,415.85), (1400,469.45), (1470,462), (1540,443.75), (1610,461.15), (1680,473.2), (1750,328), (1820,380.35), (1890,369.15), (1960,257.1), (2030,241.55), (2100,233), (2170,349.65), (2240,338.25), (2310,347.35), (2380,382.6), (2450,335.15), (2520,349.05), (2590,339), (2660,266.75)
