
Lade Datei 'data/buhnenrennen7.txt'

Startpunkt Minnie:	(0,180.95)
Startpunkt Max: 	(0,258.95)
Letzte Buhnenreihe (X):	1400
Lücken: 91

Suche Minnieweg, bitte warten....fertig; 0.000614 Sek.

Minnieweg gefunden: (21 Lücken)
(0,180.95), (70,173.5), (140,149.4), (210,191.9), (280,187.7), (350,256.5), (420,269.55), (490,175.25), (560,184.5), (630,152.3), (700,91.4), (770,71), (840,111.75), (910,137.95), (980,131.55), (1050,162.85), (1120,173.95), (1190,146.6), (1260,120.5), (1330,108.05), (1400,86.3)
