
Lade Datei 'data/buhnenrennen11.txt'

Startpunkt Minnie:	(0,40.95)
Startpunkt Max: 	(0,324.45)
Letzte Buhnenreihe (X):	2240
Lücken: 159

Suche Minnieweg, bitte warten....fertig; 0.002816 Sek.

Minnieweg gefunden: (33 Lücken)
(0,40.95), (70,66.35), (140,71.9), (210,91.2), (280,85.95), (350,141.25), (420,105.85), (490,240.3), (560,237), (630,268.6), (700,269.75), (770,273.9), (840,304.95), (910,272.05), (980,283.15), (1050,303.95), (1120,291.25), (1190,304.15), (1260,230.05), (1330,227.1), (1400,116.7), (1470,130.75), (1540,108.75), (1610,70.85), (1680,109.15), (1750,78.55), (1820,43.8), (1890,53.95), (1960,46.15), (2030,54.65), (2100,120.7), (2170,128.85), (2240,101.1)
